Rewards for world:

cliff :

[[  0   0   0   0   0]
 [  0   0   0   0   0]
 [  0 -10 -10 -10   0]
 [  0   0   0   0   0]]
success :

[[ 0  0  0  0  1]
 [ 0  0  0  0  0]
 [ 0  0  0  0 15]
 [ 0  0  0  0  0]]
fail :

[[ 0  0  0  0  0]
 [ 0  0  0  0 -1]
 [ 0  0  0  0  0]
 [ 0  0  0  0  0]]
gold :

[[ 0  0  0  0  0]
 [ 0  0  0  0  0]
 [ 0  0 15  0  0]
 [ 0  0  0  0  0]]
total:
 [[  0.   0.   0.   0.   1.]
 [  0.   0.   0.   0.  -1.]
 [  0. -10.   5. -10.  15.]
 [  0.   0.   0.   0.   0.]]


Solution:
Solved problem in 9 iterations w/ beta=0.900000

Values:
+-------------+-----------------------------------+-----------------------------------+----------------------------------------+----------------------------------------+
| Reward Type |                 u                 |                 d                 |                   l                    |                   r                    |
+-------------+-----------------------------------+-----------------------------------+----------------------------------------+----------------------------------------+
|    cliff    |  [[  0.   -6.3  -7.2  -6.3   0. ] |  [[  0.   -7.2  -8.1  -7.2   0. ] |    [[  0.    0.   -6.3  -7.2   0. ]    |    [[ -6.3  -7.2  -6.3   0.    0. ]    |
|             |   [  0.   -6.3  -7.2  -6.3   0. ] |   [  0.   -9.   -9.   -9.    0. ] |     [  0.    0.   -7.2  -8.1   0. ]    |     [ -7.2  -8.1  -7.2   0.    0. ]    |
|             |   [  0.  -10.  -10.  -10.    0. ] |   [  0.  -10.  -10.  -10.    0. ] |     [  0.  -10.  -10.  -10.    0. ]    |     [ -9.  -10.  -10.  -10.    0. ]    |
|             |  [  0.   -9.   -9.   -9.    0. ]] |  [  0.    0.    0.    0.    0. ]] |    [  0.   -0.9  -0.9  -0.9   0. ]]    |    [  0.   -0.9  -0.9  -0.9   0. ]]    |
+-------------+-----------------------------------+-----------------------------------+----------------------------------------+----------------------------------------+
|   success   |  [[  1.8   0.    0.    0.    1. ] |  [[  2.7   0.    0.    0.    1. ] | [[  1.8    1.8    0.     0.     1.  ]  | [[  0.     0.     0.     0.9    1.  ]  |
|             |   [  1.8   0.    0.    0.    0. ] |   [  3.6   0.    0.    0.    0. ] |  [  2.7    2.7    0.     0.     0.  ]  |  [  0.     0.     0.     0.     0.  ]  |
|             |   [  2.7   0.    0.    0.   15. ] |   [  4.5   0.    0.    0.   15. ] |  [  3.6    0.     0.     0.    15.  ]  |  [  0.     0.     0.     0.    15.  ]  |
|             |  [  3.6   0.    0.    0.   13.5]] |  [  4.5   5.4   7.2   9.   11.7]] |  [  4.5    4.05   4.86   6.48   9.  ]] |  [  5.4    6.48   8.1   10.53  11.7 ]] |
+-------------+-----------------------------------+-----------------------------------+----------------------------------------+----------------------------------------+
|     fail    |       [[ 0.  0.  0.  0.  0.]      |       [[ 0.  0.  0.  0.  0.]      |         [[ 0.  0.  0.  0.  0.]         |      [[ 0.   0.   0.   0.   0. ]       |
|             |        [ 0.  0.  0.  0. -1.]      |        [ 0.  0.  0.  0. -1.]      |          [ 0.  0.  0.  0. -1.]         |       [ 0.   0.   0.  -0.9 -1. ]       |
|             |        [ 0.  0.  0.  0.  0.]      |        [ 0.  0.  0.  0.  0.]      |          [ 0.  0.  0.  0.  0.]         |       [ 0.   0.   0.   0.   0. ]       |
|             |       [ 0.  0.  0.  0.  0.]]      |       [ 0.  0.  0.  0.  0.]]      |         [ 0.  0.  0.  0.  0.]]         |       [ 0.   0.   0.   0.   0. ]]      |
+-------------+-----------------------------------+-----------------------------------+----------------------------------------+----------------------------------------+
|     gold    |  [[  0.    8.1   9.9   8.1   0. ] |  [[  0.    9.9  11.7   9.9   0. ] | [[  0.     0.     8.1    9.9    0.  ]  | [[  8.1    9.9    8.1    0.     0.  ]  |
|             |   [  0.    8.1   9.9   8.1   0. ] |   [  0.    0.   13.5   0.    0. ] |  [  0.     0.     9.9   11.7    0.  ]  |  [  9.9   11.7    9.9    0.     0.  ]  |
|             |   [  0.    0.   15.    0.    0. ] |   [  0.    0.   15.    0.    0. ] |  [  0.     0.    15.     0.     0.  ]  |  [  0.     0.    15.     0.     0.  ]  |
|             |  [  0.    0.   13.5   0.    0. ]] |  [  0.    0.    0.9   0.    0. ]] |  [  0.     0.     1.35   0.81   0.  ]] |  [  0.     0.81   1.35   0.     0.  ]] |
+-------------+-----------------------------------+-----------------------------------+----------------------------------------+----------------------------------------+
|    total    |  [[  1.8   1.8   2.7   1.8   1. ] |  [[  2.7   2.7   3.6   2.7   1. ] | [[  1.8    1.8    1.8    2.7    1.  ]  | [[  1.8    2.7    1.8    0.9    1.  ]  |
|             |   [  1.8   1.8   2.7   1.8  -1. ] |   [  3.6  -9.    4.5  -9.   -1. ] |  [  2.7    2.7    2.7    3.6   -1.  ]  |  [  2.7    3.6    2.7   -0.9   -1.  ]  |
|             |   [  2.7 -10.    5.  -10.   15. ] |   [  4.5 -10.    5.  -10.   15. ] |  [  3.6  -10.     5.   -10.    15.  ]  |  [ -9.   -10.     5.   -10.    15.  ]  |
|             |  [  3.6  -9.    4.5  -9.   13.5]] |  [  4.5   5.4   8.1   9.   11.7]] |  [  4.5    3.15   5.31   6.39   9.  ]] |  [  5.4    6.39   8.55   9.63  11.7 ]] |
+-------------+-----------------------------------+-----------------------------------+----------------------------------------+----------------------------------------+

MaxQ:
[[  2.7    2.7    3.6    2.7    1.  ]
 [  3.6    3.6    4.5    3.6   -1.  ]
 [  4.5  -10.     5.   -10.    15.  ]
 [  5.4    6.39   8.55   9.63  13.5 ]]

Policy:
[['d' 'd' 'd' 'd' None]
 ['d' 'r' 'd' 'l' None]
 ['d' None None None None]
 ['r' 'r' 'r' 'r' 'u']]
