Rewards for world:

cliff :

[[  0   0   0   0   0]
 [  0   0   0   0   0]
 [  0 -10 -10 -10   0]
 [  0   0   0   0   0]]
success :

[[ 0  0  0  0  1]
 [ 0  0  0  0  0]
 [ 0  0  0  0 15]
 [ 0  0  0  0  0]]
fail :

[[ 0  0  0  0  0]
 [ 0  0  0  0 -1]
 [ 0  0  0  0  0]
 [ 0  0  0  0  0]]
gold :

[[ 0  0  0  0  0]
 [ 0  0  0  0  0]
 [ 0  0 15  0  0]
 [ 0  0  0  0  0]]
total:
 [[  0.   0.   0.   0.   1.]
 [  0.   0.   0.   0.  -1.]
 [  0. -10.   5. -10.  15.]
 [  0.   0.   0.   0.   0.]]


Solution:
Ran Q-learning for 100000 episodes w/ gamma = 0.900000, alpha = 0.100000

Values:
+-------------+------------------------------------------------------------+------------------------------------------------------------+------------------------------------------------------------+------------------------------------------------------------+
| Reward Type |                             u                              |                             d                              |                             l                              |                             r                              |
+-------------+------------------------------------------------------------+------------------------------------------------------------+------------------------------------------------------------+------------------------------------------------------------+
|    cliff    |              [[-5.8  -6.56 -7.29 -6.56  0.  ]              |              [[-6.56 -7.29 -8.1  -7.29  0.  ]              |              [[-5.88 -5.87 -6.56 -7.29  0.  ]              |              [[-6.56 -7.29 -6.56  0.    0.  ]              |
|             |               [-5.9  -6.56 -7.29 -6.56  0.  ]              |               [-4.95 -9.   -9.   -9.    0.  ]              |               [-6.54 -6.56 -7.29 -8.1   0.  ]              |               [-7.29 -8.1  -7.29  0.    0.  ]              |
|             |               [-6.56  0.    0.    0.    0.  ]              |               [-1.88  0.    0.    0.    0.  ]              |               [-4.01  0.    0.    0.    0.  ]              |               [-9.    0.    0.    0.    0.  ]              |
|             |              [-5.7  -9.   -9.   -9.    0.  ]]              |              [-1.54 -1.42 -1.23 -0.5   0.  ]]              |              [-1.28 -2.66 -2.23 -2.99 -0.76]]              |              [-2.   -2.82 -1.15 -0.84  0.  ]]              |
+-------------+------------------------------------------------------------+------------------------------------------------------------+------------------------------------------------------------+------------------------------------------------------------+
|   success   | [[  9.25e-02   0.00e+00   0.00e+00   9.21e-11   0.00e+00]  | [[  3.74e-24   0.00e+00   0.00e+00   3.29e-12   0.00e+00]  | [[  2.07e-02   3.40e-02   0.00e+00   0.00e+00   0.00e+00]  | [[  0.00e+00   0.00e+00   1.65e-35   9.00e-01   0.00e+00]  |
|             |  [  1.97e-03   0.00e+00   0.00e+00   3.33e-31   0.00e+00]  |  [  1.03e+00   0.00e+00   0.00e+00   0.00e+00   0.00e+00]  |  [  1.39e-02   3.56e-07   0.00e+00   0.00e+00   0.00e+00]  |  [  0.00e+00   0.00e+00   4.28e-73   0.00e+00   0.00e+00]  |
|             |  [  5.27e-23   0.00e+00   0.00e+00   0.00e+00   0.00e+00]  |  [  5.58e+00   0.00e+00   0.00e+00   0.00e+00   0.00e+00]  |  [  1.72e+00   0.00e+00   0.00e+00   0.00e+00   0.00e+00]  |  [  0.00e+00   0.00e+00   0.00e+00   0.00e+00   0.00e+00]  |
|             |  [  1.70e-01   0.00e+00   0.00e+00   0.00e+00   1.35e+01]] |  [  4.02e+00   3.81e+00   6.60e+00   6.56e+00   1.21e+01]] |  [  3.79e+00   3.58e+00   6.10e+00   5.85e+00   9.91e+00]] |  [  6.32e+00   6.44e+00   9.40e+00   1.10e+01   1.21e+01]] |
+-------------+------------------------------------------------------------+------------------------------------------------------------+------------------------------------------------------------+------------------------------------------------------------+
|     fail    |                   [[ 0.  0.  0.  0.  0.]                   |                   [[ 0.  0.  0.  0.  0.]                   |                   [[ 0.  0.  0.  0.  0.]                   |                [[ 0.   0.   0.   0.   0. ]                 |
|             |                    [ 0.  0.  0.  0.  0.]                   |                    [ 0.  0.  0.  0.  0.]                   |                    [ 0.  0.  0.  0.  0.]                   |                 [ 0.   0.   0.  -0.9  0. ]                 |
|             |                    [ 0.  0.  0.  0.  0.]                   |                    [ 0.  0.  0.  0.  0.]                   |                    [ 0.  0.  0.  0.  0.]                   |                 [ 0.   0.   0.   0.   0. ]                 |
|             |                   [ 0.  0.  0.  0.  0.]]                   |                   [ 0.  0.  0.  0.  0.]]                   |                   [ 0.  0.  0.  0.  0.]]                   |                 [ 0.   0.   0.   0.   0. ]]                |
+-------------+------------------------------------------------------------+------------------------------------------------------------+------------------------------------------------------------+------------------------------------------------------------+
|     gold    |           [[  8.67   9.84  10.93   9.84   0.  ]            | [[  9.84e+00   1.09e+01   1.21e+01   1.09e+01   0.00e+00]  | [[  8.82e+00   8.79e+00   9.84e+00   1.09e+01   0.00e+00]  |           [[  9.84  10.93   9.84   0.     0.  ]            |
|             |            [  8.85   9.84  10.93   9.84   0.  ]            |  [  7.15e+00   0.00e+00   1.35e+01   0.00e+00   0.00e+00]  |  [  9.81e+00   9.84e+00   1.09e+01   1.21e+01   0.00e+00]  |            [ 10.93  12.15  10.93   0.     0.  ]            |
|             |            [  9.84   0.     0.     0.     0.  ]            |  [  1.02e+00   0.00e+00   0.00e+00   0.00e+00   0.00e+00]  |  [  5.52e+00   0.00e+00   0.00e+00   0.00e+00   0.00e+00]  |            [  0.     0.     0.     0.     0.  ]            |
|             |            [  8.5    0.    13.5    0.     0.  ]]           |  [  1.04e+00   7.91e-01   9.55e-01   1.13e-10   0.00e+00]] |  [  7.50e-01   9.33e-01   1.35e+00   9.14e-01   3.19e-06]] |            [  0.9    0.81   0.69   0.     0.  ]]           |
+-------------+------------------------------------------------------------+------------------------------------------------------------+------------------------------------------------------------+------------------------------------------------------------+
|    total    |           [[  2.96   3.28   3.64   3.28   0.  ]            |           [[  3.28   3.64   4.05   3.64   0.  ]            |              [[ 2.96  2.96  3.28  3.64  0.  ]              |           [[  3.28   3.64   3.28   0.9    0.  ]            |
|             |            [  2.95   3.28   3.64   3.28   0.  ]            |            [  3.23  -9.     4.5   -9.     0.  ]            |               [ 3.28  3.28  3.64  4.05  0.  ]              |            [  3.64   4.05   3.64  -0.9    0.  ]            |
|             |            [  3.28   0.     0.     0.     0.  ]            |            [  4.71   0.     0.     0.     0.  ]            |               [ 3.23  0.    0.    0.    0.  ]              |            [ -9.     0.     0.     0.     0.  ]            |
|             |            [  2.97  -9.     4.5   -9.    13.5 ]]           |            [  3.52   3.18   6.33   6.05  12.15]]           |              [ 3.26  1.85  5.21  3.78  9.15]]              |            [  5.22   4.44   8.95  10.17  12.15]]           |
+-------------+------------------------------------------------------------+------------------------------------------------------------+------------------------------------------------------------+------------------------------------------------------------+

MaxQ:
[[  3.28   3.64   4.05   3.64   0.  ]
 [  3.64   4.05   4.5    4.05   0.  ]
 [  4.71   0.     0.     0.     0.  ]
 [  5.22   4.44   8.95  10.17  13.5 ]]

Policy:
[['d' 'r' 'd' 'l' 'u']
 ['r' 'r' 'd' 'l' 'u']
 ['d' 'u' 'u' 'u' 'u']
 ['r' 'r' 'r' 'r' 'u']]
