Rewards for world:

cliff :

[[  0   0   0   0   0]
 [  0   0   0   0   0]
 [  0 -10 -10 -10   0]
 [  0   0   0   0   0]]
success :

[[ 0  0  0  0  1]
 [ 0  0  0  0  0]
 [ 0  0  0  0 15]
 [ 0  0  0  0  0]]
fail :

[[ 0  0  0  0  0]
 [ 0  0  0  0 -1]
 [ 0  0  0  0  0]
 [ 0  0  0  0  0]]
gold :

[[ 0  0  0  0  0]
 [ 0  0  0  0  0]
 [ 0  0 15  0  0]
 [ 0  0  0  0  0]]
total:
 [[  0.   0.   0.   0.   1.]
 [  0.   0.   0.   0.  -1.]
 [  0. -10.   5. -10.  15.]
 [  0.   0.   0.   0.   0.]]


Solution:
Ran SARSA for 100000 episodes w/ gamma = 0.900000, alpha = 0.100000

Values:
+-------------+------------------------------------------------------------+------------------------------------------------------------+------------------------------------------------------------+------------------------------------------------------------+
| Reward Type |                             u                              |                             d                              |                             l                              |                             r                              |
+-------------+------------------------------------------------------------+------------------------------------------------------------+------------------------------------------------------------+------------------------------------------------------------+
|    cliff    |              [[-5.53 -6.35 -7.1  -6.33  0.  ]              |              [[-4.31 -7.16 -7.98 -7.21  0.  ]              |              [[-5.68 -5.62 -6.29 -7.14  0.  ]              |              [[-6.41 -7.19 -6.31  0.    0.  ]              |
|             |               [-5.57 -6.29 -7.12 -6.35  0.  ]              |               [-2.8  -9.   -9.   -9.    0.  ]              |               [-4.85 -4.1  -6.43 -7.94  0.  ]              |               [-7.29 -7.95 -7.1   0.    0.  ]              |
|             |               [-4.78  0.    0.    0.    0.  ]              |               [-2.22  0.    0.    0.    0.  ]              |               [-3.3   0.    0.    0.    0.  ]              |               [-9.    0.    0.    0.    0.  ]              |
|             |              [-2.72 -9.   -9.   -9.    0.  ]]              |              [-2.27 -2.29 -2.12 -1.57 -0.05]]              |              [-2.3  -3.48 -3.06 -2.89 -0.91]]              |              [-2.59 -3.35 -2.19 -0.55 -0.04]]              |
+-------------+------------------------------------------------------------+------------------------------------------------------------+------------------------------------------------------------+------------------------------------------------------------+
|   success   | [[  1.60e-02   4.74e-04   8.49e-04   1.42e-03   0.00e+00]  | [[  8.39e-01   6.97e-03   8.96e-05   8.09e-05   0.00e+00]  | [[  5.12e-03   3.26e-03   1.95e-04   8.73e-04   0.00e+00]  | [[  9.17e-04   3.76e-04   5.45e-04   9.00e-01   0.00e+00]  |
|             |  [  2.37e-02   1.94e-03   9.73e-04   2.94e-03   0.00e+00]  |  [  3.64e+00   0.00e+00   0.00e+00   0.00e+00   0.00e+00]  |  [  4.43e-01   1.19e+00   2.18e-01   2.72e-04   0.00e+00]  |  [  1.86e-03   7.69e-03   4.03e-04   0.00e+00   0.00e+00]  |
|             |  [  2.88e-01   0.00e+00   0.00e+00   0.00e+00   0.00e+00]  |  [  4.71e+00   0.00e+00   0.00e+00   0.00e+00   0.00e+00]  |  [  2.44e+00   0.00e+00   0.00e+00   0.00e+00   0.00e+00]  |  [  0.00e+00   0.00e+00   0.00e+00   0.00e+00   0.00e+00]  |
|             |  [  3.30e+00   0.00e+00   0.00e+00   0.00e+00   1.35e+01]] |  [  3.69e+00   4.00e+00   6.07e+00   7.54e+00   1.19e+01]] |  [  3.73e+00   3.45e+00   4.82e+00   5.89e+00   9.31e+00]] |  [  5.36e+00   5.61e+00   7.93e+00   1.13e+01   1.20e+01]] |
+-------------+------------------------------------------------------------+------------------------------------------------------------+------------------------------------------------------------+------------------------------------------------------------+
|     fail    | [[ -5.11e-04  -4.57e-04  -2.10e-04  -3.42e-04   0.00e+00]  | [[ -3.26e-04  -2.62e-04  -5.84e-06  -9.85e-04   0.00e+00]  | [[ -3.26e-04  -4.96e-04  -2.82e-04  -2.39e-05   0.00e+00]  | [[ -2.96e-05  -8.65e-06  -2.35e-04   0.00e+00   0.00e+00]  |
|             |  [ -1.30e-04  -4.00e-04  -8.23e-05  -5.67e-04   0.00e+00]  |  [ -2.35e-06   0.00e+00   0.00e+00   0.00e+00   0.00e+00]  |  [ -4.10e-04  -2.28e-04  -2.19e-04  -1.42e-05   0.00e+00]  |  [ -2.28e-04  -1.54e-05  -3.41e-03  -9.00e-01   0.00e+00]  |
|             |  [ -2.86e-04   0.00e+00   0.00e+00   0.00e+00   0.00e+00]  |  [ -1.91e-06   0.00e+00   0.00e+00   0.00e+00   0.00e+00]  |  [ -1.39e-04   0.00e+00   0.00e+00   0.00e+00   0.00e+00]  |  [  0.00e+00   0.00e+00   0.00e+00   0.00e+00   0.00e+00]  |
|             |  [ -3.41e-05   0.00e+00   0.00e+00   0.00e+00   0.00e+00]] |  [ -1.84e-05  -3.88e-08  -2.13e-07  -1.47e-09  -1.76e-11]] |  [ -1.40e-05  -2.42e-05  -3.00e-06  -1.85e-08  -9.79e-11]] |  [ -2.30e-07  -1.25e-08  -3.69e-10  -2.90e-12  -5.26e-12]] |
+-------------+------------------------------------------------------------+------------------------------------------------------------+------------------------------------------------------------+------------------------------------------------------------+
|     gold    |           [[  8.26   9.51  10.63   9.47   0.  ]            | [[  5.95e+00   1.05e+01   1.20e+01   1.02e+01   0.00e+00]  |           [[  8.49   8.39   9.41  10.71   0.  ]            | [[  9.61e+00   1.08e+01   9.43e+00   0.00e+00   0.00e+00]  |
|             |            [  8.32   9.4   10.67   9.5    0.  ]            |  [  1.13e+00   0.00e+00   1.35e+01   0.00e+00   0.00e+00]  |            [  6.93   5.54   8.95  11.9    0.  ]            |  [  9.21e+00   1.19e+01   1.05e+01   0.00e+00   0.00e+00]  |
|             |            [  7.     0.     0.     0.     0.  ]            |  [  1.32e+00   0.00e+00   0.00e+00   0.00e+00   0.00e+00]  |            [  2.94   0.     0.     0.     0.  ]            |  [  0.00e+00   0.00e+00   0.00e+00   0.00e+00   0.00e+00]  |
|             |            [  1.65   0.    13.5    0.     0.  ]]           |  [  1.37e+00   1.01e+00   1.97e+00   1.15e-01   3.01e-03]] |            [  1.29   1.26   2.08   1.56   0.1 ]]           |  [  1.97e+00   1.96e+00   1.42e+00   2.59e-03   7.66e-04]] |
+-------------+------------------------------------------------------------+------------------------------------------------------------+------------------------------------------------------------+------------------------------------------------------------+
|    total    |           [[  2.74   3.16   3.53   3.14   0.  ]            |           [[  2.48   3.35   3.99   2.99   0.  ]            |              [[ 2.82  2.77  3.13  3.56  0.  ]              |           [[  3.2    3.59   3.12   0.9    0.  ]            |
|             |            [  2.77   3.11   3.55   3.15   0.  ]            |            [  1.97  -9.     4.5   -9.     0.  ]            |               [ 2.52  2.63  2.74  3.96  0.  ]              |            [  1.93   3.93   3.37  -0.9    0.  ]            |
|             |            [  2.5    0.     0.     0.     0.  ]            |            [  3.81   0.     0.     0.     0.  ]            |               [ 2.08  0.    0.    0.    0.  ]              |            [ -9.     0.     0.     0.     0.  ]            |
|             |            [  2.23  -9.     4.5   -9.    13.5 ]]           |            [  2.79   2.72   5.92   6.09  11.81]]           |              [ 2.72  1.23  3.85  4.55  8.49]]              |            [  4.74   4.22   7.16  10.75  11.91]]           |
+-------------+------------------------------------------------------------+------------------------------------------------------------+------------------------------------------------------------+------------------------------------------------------------+

MaxQ:
[[  3.2    3.59   3.99   3.56   0.  ]
 [  2.77   3.93   4.5    3.96   0.  ]
 [  3.81   0.     0.     0.     0.  ]
 [  4.74   4.22   7.16  10.75  13.5 ]]

Policy:
[['r' 'r' 'd' 'l' 'u']
 ['u' 'r' 'd' 'l' 'u']
 ['d' 'u' 'u' 'u' 'u']
 ['r' 'r' 'r' 'r' 'u']]
